1 -80.332113 25.472151 1.4
2 -80.305771 25.601238 0.8
3 -80.235972 25.397694 3.0
4 -80.301000 25.436000 2.8
5 -80.340028 25.473611 0.6
6 -80.337774 25.472639 1.1
7 -80.308861 25.478778 1.7
8 -80.284528 25.471028 2.6
9 -80.339106 25.492417 0.3
10 -80.326500 25.486806 1.4
11 -80.338750 25.498444 0.5
12 -80.325476 25.496333 1.3
13 -80.309083 25.493528 1.8
14 -80.278361 25.494722 2.5
15 -80.335774 25.505333 1.1
16 -80.309361 25.518861 1.6
17 -80.304056 25.527278 1.7
18 -80.284000 25.518000 2.3
19 -80.308694 25.545389 1.1
20 -80.290000 25.545000 1.9
21 -80.305306 25.564444 0.9
22 -80.284166 25.564278 1.6
23 -80.305833 25.612250 0.9
24 -80.303528 25.611361 1.0
25 -80.289222 25.604083 2.1
26 -80.259583 25.651278 2.5
27 -80.247000 25.645000 3.8
28 -80.345100 25.322250 1.1
29 -80.320080 25.336790 3.2
30 -80.331300 25.452110 1.1
31 -80.339700 25.481280 0.09
32 -80.332000 25.495470 1.4
33 -80.335300 25.510110 1.1
34 -80.329900 25.527280 1.5
35 -80.317800 25.538530 1.8
36 -80.313700 25.545860 1.2
37 -80.308800 25.555060 0.0
38 -80.302600 25.574250 0.9
39 -80.307000 25.588970 1.0
40 -80.301300 25.616780 1.7
41 -80.290800 25.617670 1.9
42 -80.297400 25.620970 1.6
43 -80.206000 25.470610 2.7
